-4.503659570532029255e-01,-3.259533688196607937e+00,-3.563189351807231064e-01,1.750463903653983466e-01
-6.748459935188290404e-02,7.198498576879502897e-01,-3.639792233705520519e-01,-3.158192485570907593e-01
